

n <- 10
data <- c(6.62,4.91,2.77,18.71,3.10,4.41,11.99,8.03,6.13,5.71)
sigma2 <- 0.25





